0,0
1,0
2,0
3,1062166208
4,1062039232
5,1059745280
6,1059461696
7,1058441696
8,1064172352
9,1060274336
10,0
11,0
12,1072158880
13,1072154656
14,0
15,1072806432
16,1073327040
17,1072654080
18,1073576736
19,1060557888
20,1057633312
21,1058560192
22,1057417472
23,1065213536
24,1057023840
25,0
26,1073039232
27,1073648704
28,1072979968
29,1073039232
30,1072074240
31,1072277408
32,1067968832
33,1067063072
34,1070838368
35,1067376288
36,1070537888
37,1071625600
38,1071625600
39,1073741792
40,1073699488
41,1070838368
42,1070757952
43,1073559808
44,1070444768
45,1073741792
46,1070381280
47,1064921504
48,1073559808
49,1073094240
50,1070351648
51,1064371296
52,1070537888
53,1073500544
54,1059474400
55,1066542496
56,1067752960
57,1067266240
58,1072531328
59,1070351648
60,1067511712
61,1073648704
62,1071468992
63,1071871072
64,1071769504
65,1070732576
66,1072154656
67,1072806432
68,1070059616
69,1058551744
70,1073648704
71,1066318176
72,1065751040
73,1070351648
74,1072531328
75,1057692576
76,1070838368
77,1065645248
78,1063656000
79,1065306656
80,1073648704
81,1073559808
82,1068434368
83,1070482848
84,1063842240
85,1069890336
86,1070212000
87,1064379744
88,1072857248
89,1072565184
90,1062877248
91,1068404768
92,1063012672
93,1072019232
94,1064015744
95,1070745280
96,1065171200
97,1065683328
98,1071680640
99,1073559808
100,1070381280
101,1072675232
102,1058873408
103,1060892256
104,1073741792
105,1072675232
106,1070207744
107,1070097696
108,1071769504
109,1073741792
110,1070381280
111,1070745280
112,1069890336
113,1072565184
114,1062263552
115,1070690240
116,1072019232
117,1070482848
118,1071871072
119,1070690240
120,1068404768
121,1071680640
122,1070212000
123,1072857248
124,1072806432
125,1072675232
126,1071769504
127,1073741792
