0,0
1,0
2,0
3,1060473152
4,1060417600
5,1062115360
6,1058799200
7,1058283520
8,1063809152
9,1062139168
10,0
11,0
12,1072765984
13,1072956384
14,0
15,1073293568
16,1069112640
17,1068120960
18,1067085664
19,1056793984
20,1056857472
21,1058231968
22,1057228384
23,1066867488
24,1059782944
25,0
26,1070691392
27,1071940928
28,1073166624
29,1073166624
30,1071885376
31,1072543872
32,1069759232
33,1068279648
34,1069072992
35,1065506912
36,1071429216
37,1069925824
38,1069925824
39,1073317376
40,1073741792
41,1069652128
42,1067446624
43,1069870304
44,1069072992
45,1073741792
46,1073642624
47,1063702048
48,1072996064
49,1073015904
50,1070429600
51,1067482336
52,1071429216
53,1072996064
54,1059362464
55,1065475168
56,1067299872
57,1066934912
58,1070838176
59,1070429600
60,1068541440
61,1071940928
62,1069263392
63,1071774304
64,1071944896
65,1071341952
66,1072956384
67,1073293568
68,1067970240
69,1059199840
70,1073293568
71,1065145952
72,1063852800
73,1070429600
74,1070838176
75,1055477056
76,1067970240
77,1063130848
78,1061476736
79,1063067392
80,1071940928
81,1072996064
82,1070742976
83,1071207072
84,1063257792
85,1073642624
86,1071215008
87,1063793280
88,1069937728
89,1071734656
90,1062468416
91,1069489472
92,1062579488
93,1069572800
94,1063408512
95,1069588640
96,1067410944
97,1067307808
98,1069969472
99,1069870304
100,1068989696
101,1073238016
102,1057208544
103,1059156192
104,1073741792
105,1073238016
106,1070568448
107,1068636640
108,1068109056
109,1073741792
110,1068989696
111,1069588640
112,1073642624
113,1071734656
114,1061817856
115,1071381600
116,1069572800
117,1071207072
118,1069961536
119,1071381600
120,1069489472
121,1069969472
122,1071215008
123,1069937728
124,1073293568
125,1073238016
126,1068109056
127,1073741792
