0,1056491520
1,0
2,0
3,1060927616
4,1072496128
5,1073358112
6,1073736544
7,1073552576
8,1073741792
9,1073352864
10,1065968160
11,1065316416
12,1067229600
13,1066162624
14,1062688384
15,1065999680
16,1065495104
17,1049910976
18,1062840832
19,1063970848
20,1058141952
21,1058804192
22,1055808256
23,1062325728
24,1065121920
25,1061479520
26,1065763168
27,1072207040
28,1073741792
29,1064301984
30,1063976128
31,1061379648
32,1065999680
33,1066136352
34,1060296896
35,1058141952
36,1053569152
37,1061800128
38,1068906272
39,1073741792
40,1056491520
41,1059077504
42,1065437280
43,1063970848
44,1068906272
45,1063855232
46,1073741792
47,1073736544
