0,0
1,1071877920
2,1073741792
3,1072833536
4,1073599744
5,1073423264
6,1072902400
7,1072342816
8,1070862016
9,1071098784
10,1071864992
11,1071395776
12,1071438848
13,1066225952
14,1066535904
15,1067715360
16,1067147136
17,1067551776
18,1067151456
19,1066712384
20,1064663392
21,1055341760
22,1065571648
23,1066277600
24,1059704480
25,1059601152
26,1061069024
27,1071499104
28,1064185568
29,1069161696
30,1060909760
31,1060010112
32,1060939904
33,1066712384
34,1058869376
35,1060939904
36,1055798016
37,1060909760
38,1070577920
39,1073741792
40,1071499104
41,1054394752
42,1061886912
43,1052466240
44,1058327008
45,1073741792
46,1073741792
47,1064344832
48,1062889888
49,1063935904
50,1062614400
51,1063010400
52,1061254144
53,1061335936
54,1059958432
55,1064009088
56,1059777664
57,1058714400
58,1058529312
59,1060939904
60,1053559616
61,1052758976
62,1056753664
63,1071753088
64,1070577920
65,1072407360
66,1071249440
67,1057435936
68,1066712384
69,1071499104
70,1063957440
71,1071193472
72,1069084224
73,1070577920
74,1054764928
75,1059286912
76,1072833536
77,1073741792
78,1072342816
79,1067995136
80,1056452352
