0,1055203456
1,0
2,0
3,1058549600
4,1071612928
5,1073187584
6,1073741792
7,1073021824
8,1073213472
9,1073648576
10,1065008736
11,1065241824
12,1065744256
13,1066127584
14,1066681792
15,1062133984
16,1061942336
17,1046895104
18,1058648000
19,1059834176
20,1060621504
21,1056705600
22,1053856704
23,1060937472
24,1063662016
25,1058202560
26,1066681792
27,1073695200
28,1073741792
29,1064174816
30,1065272896
31,1062170240
32,1063190656
33,1068810688
34,1057549888
35,1060621504
36,1056954240
37,1060668096
38,1072317376
39,1073741792
40,1055203456
41,1057192512
42,1064423424
43,1059834176
44,1072317376
45,1063097408
46,1073741792
47,1073648576
