0,1057432416
1,0
2,0
3,1054009344
4,1071439680
5,1072338304
6,1073741792
7,1072301248
8,1073663072
9,1073482400
10,1065529216
11,1063945056
12,1063741248
13,1063458688
14,1057650144
15,1056834880
16,1055871424
17,1049988736
18,1053073664
19,1054657792
20,1055991872
21,1056445760
22,1053509056
23,1055602752
24,1060202368
25,1053694336
26,1057650144
27,1073463872
28,1073741792
29,1061837472
30,1060540512
31,1056862656
32,1053536896
33,1064862208
34,1051359808
35,1055991872
36,1053101440
37,1058182816
38,1066061888
39,1073741792
40,1057432416
41,1049905344
42,1052758656
43,1054657792
44,1066061888
45,1061541024
46,1073741792
47,1069906496
