0,0
1,1072680736
2,1073625280
3,1073741792
4,1073592000
5,1073492128
6,1073741792
7,1072356192
8,1071769472
9,1072110688
10,1072526784
11,1071894304
12,1072114848
13,1068003776
14,1068220128
15,1068082816
16,1067962144
17,1068111936
18,1067675040
19,1061591648
20,1062315648
21,1058429280
22,1061229632
23,1061999424
24,1056906304
25,1055990912
26,1055508224
27,1066480832
28,1060850976
29,1062802496
30,1064208928
31,1063688800
32,1062461280
33,1062315648
34,1058558272
35,1059893952
36,1052703680
37,1064208928
38,1070895680
39,1073741792
40,1066480832
41,1052620480
42,1060393280
43,1053860480
44,1057613696
45,1073741792
46,1073741792
47,1063638848
48,1061762240
49,1062032704
50,1061999424
51,1062411360
52,1059756640
53,1059265632
54,1058491680
55,1063788640
56,1058787104
57,1057900832
58,1057767680
59,1059893952
60,1052637120
61,1039804544
62,1051738368
63,1071885984
64,1070895680
65,1070042656
66,1066451712
67,1057039488
68,1062315648
69,1066480832
70,1066118816
71,1072168928
72,1070138368
73,1070895680
74,1051488704
75,1057771840
76,1073546240
77,1073741792
78,1072526784
79,1065802592
80,1052553920
