0,0
1,0
2,0
3,1058293216
4,1056535232
5,1055529536
6,1058447936
7,1060157568
8,1057480960
9,1058622016
10,0
11,0
12,1071606688
13,1071881312
14,0
15,1071695648
16,1072519520
17,1070956896
18,1070361216
19,1056535232
20,1054895232
21,1058606528
22,1058749632
23,1055792576
24,1058134656
25,0
26,1072442176
27,1070388288
28,1073741792
29,1073478784
30,1073741792
31,1071463584
32,1065711936
33,1067789024
34,1070160096
35,1066207040
36,1068717344
37,1068369216
38,1068369216
39,1073200288
40,1073006880
41,1068523936
42,1065990432
43,1068903008
44,1067816096
45,1073478784
46,1073200288
47,1063944288
48,1072272000
49,1072457632
50,1068841120
51,1061016256
52,1068717344
53,1069630176
54,1059987392
55,1066655712
56,1066311488
57,1067854784
58,1072272000
59,1069525728
60,1068311200
61,1072519520
62,1071873600
63,1071881312
64,1071695648
65,1068562624
66,1069773280
67,1071092256
68,1070160096
69,1058923712
70,1072519520
71,1066520352
72,1066423648
73,1068841120
74,1072272000
75,1054949376
76,1070160096
77,1064238272
78,1062130240
79,1065240064
80,1072519520
81,1072272000
82,1066446848
83,1069227904
84,1061314080
85,1073200288
86,1068903008
87,1061186464
88,1070148480
89,1067421568
90,1059577376
91,1070125280
92,1059407200
93,1067839328
94,1060679744
95,1068342144
96,1060540512
97,1060985312
98,1067661408
99,1068903008
100,1068183552
101,1073741792
102,1057480960
103,1059016544
104,1073200288
105,1073741792
106,1067955360
107,1067348096
108,1067866400
109,1073478784
110,1068183552
111,1068342144
112,1073200288
113,1067421568
114,1057422944
115,1066675072
116,1067839328
117,1069227904
118,1065731296
119,1068144896
120,1070125280
121,1067661408
122,1068903008
123,1070148480
124,1071092256
125,1073741792
126,1067866400
127,1073478784
