0,0
1,1072370144
2,1073435520
3,1073724032
4,1073639712
5,1073524288
6,1073741792
7,1072299136
8,1073084832
9,1073320096
10,1073240192
11,1072711968
12,1072800736
13,1068219680
14,1067172064
15,1067651488
16,1067105504
17,1066568384
18,1065409792
19,1064579712
20,1063847264
21,1055850368
22,1061197184
23,1062022848
24,1055930304
25,1055752704
26,1055584064
27,1064508672
28,1059048704
29,1063607552
30,1062173760
31,1062821856
32,1061547872
33,1064579712
34,1053932736
35,1059883232
36,1062737504
37,1062821856
38,1072316896
39,1073741792
40,1063936032
41,1062466720
42,1069742272
43,1052947264
44,1064819392
45,1073741792
46,1073741792
47,1069684544
48,1069831040
49,1070794304
50,1069560256
51,1069835488
52,1069804416
53,1069218464
54,1068383936
55,1069373824
56,1066102272
57,1063234688
58,1063270208
59,1059883232
60,1062493376
61,1043367872
62,1049520384
63,1073040448
64,1072316896
65,1070856448
66,1064508672
67,1055850368
68,1064579712
69,1064508672
70,1064632960
71,1073240192
72,1070670016
73,1072316896
74,1051038528
75,1057752512
76,1073448832
77,1073741792
78,1073320096
79,1068184160
80,1055397632
