0,0
1,0
2,0
3,1059658528
4,1056558272
5,1059561024
6,1058045408
7,1057472512
8,1060280224
9,1056574528
10,0
11,0
12,1072994176
13,1073717440
14,0
15,1071888960
16,1073550816
17,1072051488
18,1072973856
19,1057143360
20,1059951104
21,1058671168
22,1057781312
23,1060068928
24,1057651296
25,0
26,1072478144
27,1070755296
28,1072084000
29,1069706976
30,1072478144
31,1072526880
32,1069812640
33,1069276288
34,1072734112
35,1066919584
36,1070755296
37,1072713792
38,1072713792
39,1073591456
40,1073741792
41,1071527328
42,1069991424
43,1073579264
44,1072734112
45,1073640224
46,1071539520
47,1065968768
48,1073741792
49,1072595968
50,1068435168
51,1065676224
52,1070755296
53,1070145824
54,1060491488
55,1069308768
56,1069617600
57,1069873568
58,1073741792
59,1068435168
60,1065985024
61,1073550816
62,1071953984
63,1072713792
64,1071689856
65,1071299776
66,1073717440
67,1072092128
68,1072526880
69,1058732096
70,1073717440
71,1066289792
72,1064445056
73,1068435168
74,1073741792
75,1055274240
76,1072526880
77,1063697408
78,1063238272
79,1064424736
80,1073550816
81,1073741792
82,1068808992
83,1069105632
84,1062640960
85,1071539520
86,1069650112
87,1063071680
88,1070340864
89,1072360288
90,1061808000
91,1070097056
92,1061751104
93,1070190496
94,1063794944
95,1072177440
96,1065233344
97,1065188640
98,1070003616
99,1073579264
100,1071291648
101,1073632096
102,1057610656
103,1058086048
104,1073640224
105,1073632096
106,1071299776
107,1069016224
108,1070544000
109,1073640224
110,1071291648
111,1072177440
112,1071539520
113,1072360288
114,1058147008
115,1068849632
116,1070190496
117,1069105632
118,1069178752
119,1069125952
120,1070097056
121,1070003616
122,1069650112
123,1070340864
124,1073717440
125,1073632096
126,1070544000
127,1073640224
